Incremental MCCFR sweep (seat-avg EV in chips/hand)

     iters |  vs random | vs heuristic |   infosets |  time (s)
---------------------------------------------------------------
       200 |      0.492 |       -4.861 |      13623 |      9.70
       500 |      0.812 |       -5.099 |      34290 |     10.29
      1000 |      1.214 |       -5.118 |      68806 |     10.26
      2000 |      1.200 |       -5.052 |     133399 |     11.76
      5000 |      1.159 |       -5.131 |     304908 |     13.29
     10000 |      1.546 |       -5.078 |     553744 |     15.66
     20000 |      1.792 |       -5.097 |    1042922 |     20.14
     50000 |      2.148 |       -5.330 |    2409642 |     53.72
    100000 |      2.490 |       -5.267 |    4194727 |     86.76
    200000 |      2.447 |       -4.958 |    6958192 |    248.48
    300000 |      2.311 |       -4.735 |    9323302 |    738.83
    400000 |      2.252 |       -4.682 |   11744666 |    707.90
    500000 |      2.248 |       -4.373 |   13843866 |    786.65
    750000 |      2.285 |       -4.137 |   17683721 |   3799.77
   1000000 |      2.266 |       -4.143 |   20333076 |   4368.56
